ACCURACY: 0.9597586773178947

PRECISION 0.7108828197781022
PER CLASS: 0.9619562554109018 0.9694438239892785 0.8569002123142251 0.9760541384695471 0.9983536836328715 0.0 1.0 0.674373795761079 0.3826291079812207 0.0 1.0

RECALL 0.7382234676713818
PER CLASS: 0.9667569564146762 0.9941969671517799 0.9674017257909875 0.9351620947630923 0.9195097295931262 0.0 0.9461883408071748 0.6469500924214417 0.7442922374429224 0.0 1.0

F-SCORE 0.7186777267313528
PER CLASS: 0.9643506312738467 0.9816643797403459 0.9088043233505967 0.9551706571574121 0.9573110570282183 0.0 0.9723502304147466 0.660377358490566 0.5054263565891473 0.0 1.0
